-1.94431
0.323353
-1.28412
0.672946
0.0661801
0.352156
-0.598744
0.481556
-0.343042
0.24145
1.22292
-1.31538
-0.562629
0.506911
0.825542
1.08187
0.99925
0.774668
0.657757
0.406355
-0.871974
-0.291609
-0.326198
-0.199253
0.330925
-0.506007
-0.665925
0.25727
1.49259
0.248216
-0.97214
-1.75561
0.373495
-0.321547
1.8331
0.213339
-0.890153
1.43891
0.720035
0.172405
-0.376269
-0.325064
-0.325032
-0.386862
0.934214
0.985239
-0.260856
-0.717519
-0.836084
0.642355
-1.58613
-1.17878
-0.433706
1.50885
0.440423
0.973046
-0.842
0.342266
0.685669
0.404311
1.72918
-0.842725
0.825146
-1.24751
1.0371
0.211307
0.428814
0.167392
-0.262691
-1.0341
-0.138362
-0.638082
-0.348226
0.151852
0.104784
-0.531564
-1.26515
0.979728
-1.71696
0.237957
-0.548641
0.460151
1.21283
-0.524112
-0.929065
-1.16827
1.02535
0.361686
-0.25057
-0.65664
0.245421
0.0295655
-0.0937211
0.528645
1.96706
1.94735
-1.23285
0.660338
-0.309394
1.19643
0.0176898
-0.345716
-1.48203
1.15807
0.470086
0.799311
0.210449
-0.541731
0.917211
0.243282
-0.297773
-1.15074
1.4166
-0.485019
0.290306
-0.183733
-0.491462
0.696031
0.446283
-0.334868
-0.904144
-0.0621647
-1.05327
-0.823341
0.542478
-0.56379
1.56884
-0.6514
-1.01202
-1.28381
0.946363
-0.236985
-0.979413
1.21777
-0.0123071
0.226952
-0.976616
0.662472
-0.499357
-0.91317
1.17488
0.303832
-1.69935
1.55599
1.05213
0.462123
0.660223
0.260309
-1.73792
-0.742131
-0.866125
0.367493
-0.147911
1.74263
0.701916
-0.848911
-0.440557
1.04959
1.32967
0.681985
1.22351
-0.773314
-0.00292663
0.228631
-0.135574
1.95302
-0.9946
-0.394735
-1.62782
1.97987
-1.1735
0.308137
1.82516
-0.609311
0.142143
-0.342766
-1.6998
-0.73285
-0.721174
1.10636
0.871656
-0.279238
-0.439379
-0.0611341
-0.238471
0.559704
-0.121292
-0.470936
-0.0672311
-0.599788
0.792822
-0.368964
0.00696765
0.25499
1.2494
-0.701966
1.27115
1.04952
-0.512139
0.739358
2.04571
-0.623017
0.52082
1.89093
1.867
-0.295813
-2.11675
0.293812
-1.14497
-0.760971
-1.31236
1.36502
-0.596926
-0.115013
0.176296
-0.465724
-0.714082
-1.02519
1.15247
-1.1166
-0.79787
0.592568
1.64193
2.52896
-1.01374
-0.452813
-0.768913
-0.490227
-1.22032
-0.858673
0.409674
-0.638754
0.657171
1.29695
-0.493118
2.30404
-0.692192
0.72874
-0.323493
0.344891
-0.444676
-1.10071
1.75699
1.23769
-0.238847
-1.97564
-0.618438
0.463419
0.0160762
0.0474305
-0.635287
1.70336
2.34508
-0.434856
0.309406
-0.0656279
-0.648767
0.36115
-0.237366
-0.618585
0.569944
0.472572
0.493116
-0.947822
0.412196
1.11246
0.212706
0.49815
1.33839
1.49919
-0.606407
0.82432
0.814661
0.54083
0.34117
-1.78181
-0.998826
0.578902
0.272215
0.855294
2.1963
-1.18425
1.42555
-0.780824
-2.34676
-0.0156506
1.77086
-1.25596
1.44945
-0.047549
-0.805982
-0.346937
-0.2784
-0.70282
-0.710429
-0.0753501
-0.123907
-2.09534
0.133435
0.936705
-0.226505
0.700842
1.97251
-1.43787
-0.253771
0.741263
-0.336537
-0.25272
0.14702
-1.78223
-1.93591
0.0164035
-1.57518
0.354544
-0.130589
0.151263
-2.43883
-1.65821
-0.12287
-1.49125
0.016023
0.76444
0.520864
-2.09458
-0.00831284
-0.45051
0.24916
-2.02348
-0.695391
-2.23363
0.131977
-2.14525
1.81454
-0.690678
0.254354
1.51616
0.736238
-0.333371
-0.584051
1.20667
-0.607904
0.684134
-0.650963
0.526375
-1.34663
0.439985
-1.7377
1.08368
-2.1848
-1.06025
0.208297
0.405543
-0.3577
-0.84885
0.124555
-0.559445
-0.331385
0.780062
0.188022
0.585368
0.57239
1.77214
1.7309
-0.3519
1.44295
1.35675
-0.146312
-0.0192573
-0.216287
-0.695829
-1.32391
1.09978
0.35607
-0.492911
-0.563866
-0.930907
-2.08454
-0.981934
-0.516116
0.983009
0.547531
-1.79131
-1.78405
0.377291
-1.23336
-1.29674
0.92149
-1.04646
-0.26755
0.651749
0.26489
1.86979
-0.585494
0.0532433
-1.86635
-0.62384
0.980339
1.55762
-1.62166
1.34397
-0.762911
-1.0806
0.179861
-1.96464
-0.274197
0.0506837
1.49566
-0.388418
1.30652
0.341484
-0.203024
-0.78205
1.03542
-1.10335
-0.158328
0.880547
2.00658
-1.11117
0.801184
-0.287526
1.6395
-1.50825
-1.22081
1.01137
0.10599
-1.59279
-0.649435
0.491833
1.22711
-1.15256
-1.34165
-0.337101
-0.987239
-0.329365
-0.161186
0.400472
-1.09181
0.0486491
-0.500662
-0.294605
0.168702
0.206415
0.552187
-1.02516
-0.838773
-0.817037
-1.48352
1.91602
-0.409525
0.799445
-1.36743
0.101138
2.36516
1.73959
0.256999
-0.334444
-0.254904
-0.911586
0.456414
-0.0319022
-0.996916
0.805605
-0.113842
0.101259
-1.01799
-1.47816
-0.821142
1.6767
-0.977201
1.02944
0.604329
0.373244
0.0166467
-0.776025
0.504186
-0.153764
-0.823806
-0.363901
-1.98344
-0.337032
0.634647
-0.0570114
-0.910102
0.234321
-0.582547
-1.3684
-0.480647
-0.286475
0.223922
-1.71502
0.46259
-1.5883
-0.322804
0.724322
-1.22293
-0.200958
0.600786
-0.461369
0.703421
1.23674
1.26842
1.19448
-0.500864
0.921066
-1.93635
-0.103662
0.959163
2.09832
-0.037197
0.401784
0.0283488
0.651788
0.401797
-0.664983
-0.735775
1.95297
0.414435
-0.25334
0.101759
-1.25751
0.919787
0.891917
-2.01733
1.28256
-0.525905
0.587307
-1.57879
1.19432
-1.86586
1.16074
-0.816809
-0.513968
0.541757
0.686122
-1.26478
0.703895
0.497228
0.698118
-0.841873
0.287598
-0.271393
-0.679104
-0.0247061
-1.54806
-1.12429
-1.46914
0.772597
1.7213
0.129839
-0.599682
-0.485267
1.57185
-1.60089
0.551579
-1.13377
0.0571323
-0.39028
-0.119334
0.0675692
-0.495222
0.64829
0.379747
-1.79986
1.61299
1.38911
1.66768
0.278281
1.65699
-0.495585
0.333892
-0.919058
-1.42605
-0.284777
-1.43828
-0.114752
-0.381015
0.876807
1.35245
-0.057213
-1.46738
1.3351
-0.962918
0.516138
-1.05205
-0.597178
-1.10642
0.14637
0.0128638
-0.327883
0.0707849
1.1278
0.596281
1.29954
0.422696
0.686855
1.40432
-1.44747
-1.15509
1.73328
-1.2151
0.409632
1.1918
0.594274
-0.47932
-0.853007
-1.04205
0.836394
-0.440515
0.423887
-0.329489
-0.84453
1.02382
-0.269276
-0.154247
-0.0535937
-1.34306
-0.650422
-0.582182
0.60776
0.302065
0.438223
-0.248961
1.20616
-1.14154
-0.37689
-0.629726
-1.09809
-0.167771
0.334758
1.08818
-0.487562
-1.13696
-0.654736
-1.01717
-1.00121
0.928248
0.754767
1.87048
0.533909
0.578917
1.28097
-0.720948
-0.905573
-0.865399
0.340136
0.581941
-0.898321
0.881998
0.823334
-1.30953
-0.196193
0.925735
-0.161769
-0.77471
0.600503
-3.445
-1.30391
-0.664814
-1.18397
0.357777
2.0131
-0.297004
-1.35861
1.50887
0.62187
0.428801
0.185227
0.520126
2.20844
-0.231996
0.00781286
0.163249
1.92318
0.636017
-0.302125
-1.46258
-0.454585
0.359643
-0.072307
-0.816912
-0.956633
0.955124
-0.28863
0.149543
-1.13822
-0.520081
0.245941
-1.47369
0.694437
-0.30186
-0.101838
1.66126
-3.03613
1.26343
-1.19309
0.77874
-0.0609786
-0.326352
0.285334
1.16981
0.193206
-0.662529
0.800548
-0.951459
-0.657013
-1.33507
0.616294
-0.791457
1.73275
0.905181
0.744641
-0.209086
-0.568833
-1.07208
-0.0691502
1.41907
-0.773822
0.0772216
-0.0459466
0.492771
-0.485677
-0.944072
0.592063
0.497778
1.22902
0.159055
-0.25521
-3.18336
-1.24681
-0.466454
-2.23324
0.523035
0.869503
1.45685
0.0228992
-0.135322
-0.976511
-0.75003
-0.00202537
-0.468749
-0.0659259
1.34819
-0.541367
0.974898
0.0443169
1.7529
-0.888741
1.44514
1.29353
0.247953
-1.00981
-1.22694
-1.68818
-0.496555
-0.649571
0.122612
0.770229
-0.504646
0.849035
-0.512389
0.949622
0.903248
-0.0197616
-0.804905
-0.373307
0.480191
0.915533
1.68437
-1.47529
1.11734
-0.503484
-0.384649
1.99963
1.29734
0.0612418
-1.26174
0.56553
-0.588409
-1.33826
-2.14559
0.830836
-1.45431
1.84907
-1.14893
-0.300655
-1.499
1.30198
-0.418323
0.0680084
-0.363114
-0.407797
0.910491
-2.68393
1.09621
-1.51025
1.14362
-0.123693
1.01523
-1.67116
-0.44068
1.44466
1.28136
0.379089
-0.30606
0.48095
-0.188477
1.20902
1.3186
0.380937
0.205174
0.960868
0.0500294
-1.14608
0.101485
1.25539
2.68991
1.39263
1.35568
0.333126
0.533994
-2.18325
-0.949341
0.790408
-0.224817
-0.181496
0.630994
-1.20287
0.499938
-2.27837
0.316043
-0.658362
0.0122297
0.498665
1.08699
-0.149419
0.980725
-0.8846
0.22768
1.52698
0.211117
-0.646878
0.368128
0.769945
0.504955
-1.5404
-0.264323
-0.845018
0.32786
-0.247779
0.983472
1.54769
-1.34
-0.119385
1.72568
0.571136
-1.49422
1.20978
1.22978
0.683391
0.243827
-0.916124
-1.5429
1.53331
-0.310197
0.22428
-0.404888
-1.67726
0.342948
-1.28545
0.699549
1.10088
-0.508016
1.29579
-0.370452
1.00579
-0.486139
1.37078
-0.00418885
0.398885
-2.35081
0.546132
-0.189348
0.0979791
1.69792
0.927455
-1.57437
0.864719
1.45901
0.0472384
0.17381
-1.35515
1.32246
0.5283
1.45514
0.354672
-0.438551
1.51558
0.911305
0.272593
0.805073
-0.880675
-1.4303
-0.697916
0.725197
0.00825334
0.561708
-0.717812
-0.326153
0.716344
-0.359982
-0.14165
1.1732
-1.15897
0.195491
-1.241
0.672486
0.566734
0.000107841
0.779304
0.0473689
0.467384
0.257827
0.922386
2.04593
-0.53739
-2.4396
-1.12192
-0.299066
1.83766
-0.215667
-1.70874
-2.09744
0.534946
0.775462
1.49645
-0.44417
-0.408955
-0.384211
-0.428335
1.05261
0.705437
0.0879246
-0.559473
0.500185
0.0361202
-0.938133
-1.53851
0.0920678
-0.254747
0.430666
1.24938
-0.218893
1.50845
-0.879998
0.808434
-0.430234
1.55257
0.564019
0.891032
-0.656483
0.139368
0.380203
0.747179
-0.376366
-1.60913
0.607087
-0.360562
1.14633
0.149487
-0.905778
0.195306
-0.665479
-2.15458
-0.339845
-0.330787
-1.96922
1.41347
0.170051
0.573649
0.234474
-0.513737
0.40526
1.25341
1.30317
-1.3672
-0.29712
-0.522956
-0.0492353
0.0105242
0.903147
-1.85435
-1.70825
-0.331382
0.0966226
1.21847
0.191132
0.526932
0.223633
-0.672931
-0.913814
